05.1 1928  187.9 1990  150.3 1981  128.0 2012  128.3 1967  149.0 2012  145.6 2009  167.6 1912  182.2 1918  194.8 2000  215.7 2009  213.0 1929
89.6 2008  175.6 2002  142.5 1994  120.3 2000  121.6 1924  136.2 2007  145.3 1988  166.7 1917  180.0 1950  192.5 1967  193.6 1951  203.3 1914
80.2 1948  163.7 1997  141.1 1947  117.1 1947  120.3 1925  124.5 1912  144.9 1939  160.4 1956  168.8 1981  183.5 1998  190.4 1940  190.3 1999
76.6 1995  152.6 1923  140.0 1979  116.6 1998  114.6 1986  121.3 1980  143.0 1936  159.8 2004  157.2 1927  173.5 1916  188.0 1929  188.4 1911
71.2 1993  141.1 1915  131.2 1913  106.1 1920  114.1 2007  118.8 1998  135.2 2007  157.3 1992  152.8 1935  173.4 1935  182.2 1954  184.8 1993
69.3 1974  140.7 1950  128.2 1912  102.9 1913  112.5 2006  112.6 1997  134.6 1940  152.8 1985  147.0 1946  172.2 1938  173.2 1939  184.1 1986
67.2 1984  140.3 1916  125.0 1992  100.6 1935  107.9 1932  112.0 1931  124.7 1915  140.2 1910  141.5 1974  171.6 1954  172.7 2000  183.8 1915
66.6 1988  138.9 1995  124.3 1914  99.9 1932  105.6 1969  109.9 1928  123.5 1920  138.1 1930  138.4 1965  171.5 1932  170.7 1970  179.4 2012
66.1 1990  137.9 1937  123.9 1988  99.2 1993  104.4 1979  107.4 1948  123.1 1957  138.0 1948  137.9 1976  168.0 1917  166.9 1984  177.7 1959
64.9 1975  136.4 1925  122.5 2008  96.8 1934  102.5 1983  106.8 1927  122.6 1924  136.8 1962  137.1 1999  165.8 2004  165.2 1944  177.1 1934
60.3 1999  133.8 1989  121.7 1989  96.7 1961  101.8 2011  101.6 1935  122.4 1956  134.9 1951  133.3 1924  165.8 2001  165.1 1926  173.7 2006
53.8 2007  129.5 1977  118.4 1919  95.6 1950  101.7 2002  101.3 1966  120.4 1918  133.6 2008  132.5 1968  161.0 1987  164.3 1963  169.6 1994
53.2 1937  127.7 2000  118.0 1963  95.3 1910  99.0 1955  100.3 1987  119.2 1953  132.9 1927  132.0 1995  159.7 1976  164.2 1938  168.1 2011
53.0 1930  126.1 1910  117.4 1982  93.1 2004  98.0 2003  100.2 1991  118.9 2012  132.5 1950  130.4 2000  159.3 1928  163.8 2002  166.5 1979
52.2 2004  122.9 1966  111.5 1978  92.8 1949  97.3 1931  100.1 1958  117.6 1922  132.0 1946  128.6 1984  158.2 1949  162.8 1946  166.5 1919
51.5 1994  122.4 1935  110.9 2006  92.4 1925  96.4 1945  96.9 1982  117.3 1931  131.7 1941  125.4 1975  157.8 1923  158.5 1992  163.7 1912
49.3 1921  117.9 1958  109.8 1987  91.2 2005  95.8 1993  94.0 1954  114.9 1950  128.5 1923  120.4 1957  155.7 2008  157.9 1982  160.8 1965
48.6 1962  114.9 1914  109.6 1920  91.2 1959  95.7 1942  94.0 1945  110.8 1960  121.1 1957  120.1 1983  154.3 2002  155.6 1986  155.8 1966
47.7 1938  114.7 1922  108.4 1986  90.7 1994  94.6 1958  94.0 1938  110.6 1932  117.8 1960  119.8 1962  154.1 1981  154.8 1931  154.1 1978
47.3 1939  114.5 2011  105.8 1951  90.0 1970  94.4 1920  93.6 1946  108.6 1938  117.7 1954  119.4 1958  152.0 1929  154.0 2006  153.6 1924
47.2 1983  110.8 1945  103.9 1921  89.6 2001  93.7 1954  90.8 1999  108.1 2008  116.5 1952  119.2 1954  146.3 1960  147.4 1960  152.6 2000
47.2 1943  110.4 2007  103.7 1967  88.9 1966  93.0 1916  90.7 1990  107.6 2010  116.5 1943  118.6 1944  145.5 1980  145.9 1928  148.7 1983
42.9 1986  109.9 1951  103.5 1998  88.0 1992  92.9 1943  89.5 1972  106.6 1958  116.4 1986  117.2 1982  143.8 2006  145.4 1996  147.9 1949
39.7 1920  109.5 1974  100.2 1980  87.7 1951  90.8 2013  88.0 1985  102.6 1930  115.3 2009  115.5 1992  142.8 2005  144.9 1974  147.6 1955
38.9 1932  106.6 1941  97.4 1983  87.6 1991  87.1 1981  87.1 1965  102.3 1985  113.0 1924  114.0 2010  142.3 1961  144.6 1959  144.4 1985
37.0 1926  106.3 1918  94.3 1928  87.2 1983  86.7 1972  86.9 2002  101.3 1946  112.9 1988  113.8 1930  140.1 1990  144.5 1935  142.2 1910
35.1 2002  105.4 1967  93.5 1940  87.2 1931  85.0 1997  86.9 1971  98.5 2002  111.3 2012  113.7 1967  138.4 1983  143.0 1930  141.0 1951
31.0 1998  105.4 1933  92.9 1990  86.1 1922  83.9 1966  85.1 2011  98.0 1965  110.4 1958  112.9 2012  138.1 1982  141.3 1911  140.9 1948
28.8 1927  104.9 1928  92.5 1977  85.9 1999  83.1 1973  85.0 2004  97.4 1927  109.8 1963  112.6 1923  136.7 1930  140.9 1969  140.5 1956
27.6 2005  104.1 1970  92.4 1957  85.5 1972  82.3 1938  84.8 1963  97.1 1910  109.7 1921  109.9 1932  135.0 1984  139.9 1977  138.0 1982
26.3 1936  100.3 1931  92.3 1995  82.1 1986  82.0 2009  82.2 1955  95.9 1954  109.6 1928  109.7 1948  134.7 1996  139.6 1950  138.0 1954
25.7 1942  99.8 1996  92.1 1991  81.6 1953  81.8 1976  82.0 1944  95.2 1970  107.6 1942  108.5 2011  131.3 1944  139.3 1914  136.8 1942
25.2 1960  99.7 1911  91.9 1927  81.4 1985  81.8 1968  81.7 1947  94.5 1968  106.5 1929  107.9 1980  129.3 1968  135.5 2012  135.9 1974
25.1 1978  99.4 1957  90.4 1968  80.9 1919  81.5 1913  81.0 1936  94.4 1914  106.3 1982  106.3 2008  128.5 1943  135.5 1991  134.4 1918
24.1 1922  98.5 1960  88.9 2007  80.8 1927  78.4 1923  78.5 2008  92.9 1959  105.8 2011  105.7 1956  127.3 1934  133.7 1979  132.7 1936
23.4 1913  97.1 2001  88.3 1916  79.4 1963  75.7 2000  77.4 1968  92.3 1912  104.5 1961  104.5 1953  127.2 1942  129.6 1916  130.8 1997
20.5 1965  96.9 1939  87.1 1999  79.1 1923  74.9 1963  77.1 1926  91.8 1993  103.5 1979  103.9 2004  126.4 1989  129.2 1947  130.6 1921
20.5 1957  96.2 1946  85.7 2001  78.2 1975  74.2 1926  77.0 1911  91.5 1923  102.9 1971  103.9 1942  126.2 2012  128.4 1910  128.4 1980
20.5 1956  96.1 1920  85.6 1954  77.5 1965  73.6 1999  76.7 1943  90.1 1998  101.8 1934  103.5 1925  125.5 1940  125.9 1913  127.5 1990
20.1 1919  94.4 1926  82.2 1941  77.4 1977  73.5 1947  76.4 1956  89.4 1942  100.2 1980  102.7 2006  122.8 2011  125.2 1949  127.3 1922
19.8 2009  93.7 1954  81.6 1952  76.9 1989  73.0 1964  75.6 1964  85.8 1937  99.5 1922  102.3 1961  122.8 1924  123.5 1981  125.5 1960
18.7 1915  92.8 1961  80.4 1934  76.2 2008  72.9 2005  75.2 1977  85.5 1974  98.7 1989  101.9 1960  122.6 1966  123.5 1972  125.3 1964
16.2 1944  91.7 1980  79.8 1937  75.7 1924  72.6 1962  73.5 1917  84.2 1992  98.4 1931  101.3 1936  120.5 1952  123.2 2010  122.2 2003
15.7 1961  88.8 1988  79.5 2009  74.8 1964  71.8 1910  72.0 2005  83.8 1973  97.6 2010  101.1 1994  119.6 1933  121.4 1917  120.3 1958
14.9 1951  87.5 1992  79.4 2010  73.3 1979  70.2 1929  71.9 1924  83.8 1947  97.2 1966  100.0 1978  119.1 1959  121.0 2003  119.6 1957
14.7 1972  86.5 1994  79.4 1939  71.5 1940  70.1 1953  71.4 1916  83.1 1941  96.9 2001  99.2 1934  118.8 1945  120.8 1997  119.5 1998
14.6 2003  83.1 1943  79.3 1964  71.2 1926  69.2 1965  71.1 2003  82.9 1987  95.4 1953  97.8 1985  117.1 1926  118.3 1953  119.4 1938
14.5 1946  82.8 1978  76.9 1970  70.6 1996  69.2 1917  70.2 1910  82.7 1978  94.1 1977  97.7 1943  116.3 1988  117.3 1980  118.7 1945
14.1 1934  82.3 2008  75.9 1972  70.2 1916  68.8 1949  68.9 1952  81.8 2001  92.5 2006  97.5 1993  116.2 1912  117.0 1927  116.8 1989
13.9 1958  81.2 1999  75.7 2002  69.7 1973  67.4 1937  67.0 1993  81.8 1980  92.0 1916  95.2 1970  116.1 1986  116.9 2005  116.1 1972
11.7 1912  79.8 1998  75.5 1985  69.3 1937  66.8 1985  66.7 1973  81.7 1961  91.7 1970  93.1 2005  115.3 1995  116.2 1998  115.5 1923
11.4 1910  79.5 1912  75.5 1976  69.1 1962  66.4 1948  65.3 1969  81.6 1929  90.3 1919  92.0 1987  111.5 1925  112.8 1923  114.9 1930
11.0 1971  79.2 1972  74.9 1965  69.0 1911  66.1 1952  64.9 1919  78.5 1926  89.9 1974  92.0 1945  111.1 1927  111.7 1978  114.4 2007
10.9 2012  78.2 1948  74.6 1971  68.5 1960  65.8 2012  64.7 1981  78.2 2003  89.6 1999  91.5 1988  109.7 1970  111.6 1971  112.7 1946
10.1 1969  77.7 1949  74.5 1959  68.4 1948  65.1 1951  63.8 1913  77.7 1945  87.7 1949  90.9 1998  108.7 1941  106.9 1912  111.6 2004
09.5 1976  76.5 1927  74.2 1917  68.2 2002  65.0 1918  63.4 1939  77.6 1933  86.5 2007  90.6 1952  108.3 1948  106.8 1936  110.7 1952
09.1 1991  76.1 1955  73.9 1966  68.0 1930  64.3 1934  63.1 1974  77.5 1975  86.5 1965  89.1 2001  107.8 2009  106.7 1999  109.2 2002
08.9 1916  75.6 1984  73.3 2005  67.8 2006  64.2 1941  62.6 1953  76.1 2011  86.2 1926  86.8 1951  106.6 1918  106.4 2008  109.1 1925
07.7 2013  74.9 1936  73.3 1933  66.2 1939  64.1 1996  62.4 1959  76.1 1967  85.7 1925  86.7 1963  104.9 1977  105.7 1994  108.3 1940
07.5 1931  74.8 2010  72.4 1922  65.9 1915  63.4 1922  62.2 1950  74.2 1944  85.6 2005  86.5 1947  104.8 1991  104.8 1966  107.5 1984
07.3 1970  74.5 2004  72.1 1984  65.8 1943  62.8 1921  62.1 2009  74.1 1991  85.5 1938  84.7 1973  104.3 1939  104.8 1965  107.1 1916
07.2 1952  71.6 1940  71.9 1930  65.7 1944  61.4 1944  61.3 1929  73.3 1951  84.5 1987  82.4 1991  103.0 1913  104.6 1941  106.5 1928
05.2 1918  71.2 1982  70.8 1932  64.9 1968  61.0 1946  61.1 1933  73.3 1916  84.4 1918  82.4 1919  102.6 1957  101.5 2007  106.3 1944
04.5 1923  70.5 1969  70.4 2004  64.0 2013  60.0 1930  61.0 1989  73.0 1925  84.2 1964  81.1 1990  102.3 1958  100.9 1919  105.0 1992
03.9 1924  70.3 2005  69.3 1975  63.6 1917  59.6 1914  60.6 1994  70.9 1928  82.6 2000  81.1 1926  101.1 2010  100.6 2011  104.6 1920
02.9 1968  70.0 1962  68.0 1942  62.6 1987  58.8 1982  60.5 1978  70.8 1966  82.6 1944  80.7 1938  100.9 1971  97.9 1995  104.3 1973
02.8 2011  68.6 1991  66.5 2000  62.2 1969  58.2 1912  59.2 1960  70.7 2004  81.6 1915  80.4 1955  99.6 1979  97.6 1918  102.4 1962
02.8 1959  67.8 1981  65.5 1997  61.0 1952  57.9 1995  58.7 1920  68.7 1969  81.5 1997  79.9 1922  96.9 1994  97.0 1985  100.9 2009
02.2 1977  67.3 1987  64.6 1936  60.2 2009  57.3 1992  58.2 2001  68.4 1948  81.0 1967  79.0 1977  96.8 1955  96.7 1976  100.2 1961
00.5 1925  66.8 1973  64.2 1948  57.9 1990  56.8 1988  57.4 1957  67.4 1943  80.1 1914  78.9 1920  94.5 1992  95.5 2001  100.1 1932
00.4 1945  65.3 2006  62.5 1950  55.5 1933  56.2 1971  56.8 2000  66.7 1934  79.8 1994  76.0 1937  94.4 1936  95.1 1973  96.8 1969
00.2 1982  62.2 1953  62.1 2013  54.4 1967  54.9 1933  55.4 1937  66.4 1964  79.6 1973  76.0 1917  93.6 1974  95.0 1952  96.4 1967
99.7 2000  60.3 2009  62.1 1911  52.9 1971  54.5 1977  54.6 1930  65.0 1986  76.8 1998  73.7 1913  91.9 1993  94.4 1975  93.5 1937
99.1 1947  60.2 1976  60.0 1926  52.3 1914  53.8 1974  52.5 1914  64.6 1981  76.5 1996  73.3 1966  91.7 1999  91.5 1932  93.5 1935
96.3 1981  60.0 2012  58.8 1969  50.9 1945  53.3 1987  52.4 1922  62.5 1962  74.5 1978  73.0 1940  91.5 1911  91.2 1967  92.1 1977
96.2 1933  59.8 1919  58.4 1949  50.7 1988  53.2 1915  52.3 1970  62.3 1997  74.1 1935  72.7 1964  90.8 1963  89.8 1987  91.1 1976
95.8 1989  58.7 2013  57.8 1993  50.6 2003  52.2 1911  51.0 1961  61.9 1963  74.0 1969  72.5 1979  89.4 1910  86.1 1943  88.6 1987
93.3 1979  58.0 1938  57.2 1938  50.0 1942  51.7 1957  50.4 1984  61.0 1917  73.9 2002  69.4 1911  84.9 1937  84.7 1964  87.9 2008
91.1 1949  57.1 1913  55.0 1915  49.7 1955  51.3 1927  50.0 1934  59.6 2005  72.2 1945  68.7 1969  82.5 1921  84.7 1915  86.6 1913
89.2 1980  57.0 1971  54.2 1945  49.6 1941  51.1 2004  49.4 1979  59.6 1921  70.7 1990  67.1 2007  82.4 1956  83.2 1924  86.2 1981
88.1 1955  52.7 1944  54.0 2003  49.6 1918  50.6 1950  49.3 1983  59.0 1949  70.4 1920  65.0 1931  79.2 1953  82.2 1920  82.9 1931
88.1 1954  52.6 1979  53.3 1955  49.1 1946  48.6 1994  49.2 1967  57.5 2000  69.7 1939  64.2 2009  78.7 1964  78.8 1961  82.1 1947
82.6 1967  52.5 1968  51.7 1974  48.3 1956  47.9 2008  47.8 1986  56.2 1995  69.3 1911  63.2 1928  77.8 1950  77.7 1990  81.2 1991
79.7 2010  48.6 2003  51.4 1960  48.2 1928  46.4 1960  46.5 2013  56.2 1972  65.7 1968  60.7 1997  75.7 1920  77.6 1948  81.0 2005
79.4 2001  46.7 1942  51.3 1958  48.1 1936  45.9 1961  44.1 1951  56.0 1979  64.2 1937  58.6 1949  74.5 1915  77.1 1962  79.8 1988
78.8 1914  45.6 1983  51.1 1923  48.0 2010  44.8 1956  42.4 2006  55.3 1971  60.3 1993  58.1 1989  71.7 1997  75.4 2004  79.6 1968
77.4 1992  44.1 1947  50.9 1925  48.0 1981  44.7 1984  42.4 1918  53.8 1996  59.6 1932  57.2 1914  70.4 1919  74.2 1968  79.0 1950
75.3 1985  42.5 1956  50.5 1962  46.5 1978  44.0 1940  41.5 1996  53.5 2006  59.0 1975  57.1 1912  69.7 1965  72.7 1921  75.3 1953
74.2 1941  39.9 1952  50.4 1946  43.6 1958  43.3 2001  41.5 1962  52.8 1994  57.0 1933  54.9 1915  65.2 2007  72.4 1993  75.1 1941
73.6 1917  39.0 1924  49.9 1910  41.9 1997  40.7 1928  38.6 2010  51.5 1952  54.9 1984  54.8 1916  64.5 2003  66.5 1922  72.1 1995
73.5 1996  37.9 1929  49.7 2011  40.9 1929  40.6 1975  38.6 1992  50.1 1919  52.4 1936  54.3 2003  64.2 1931  65.6 1957  71.9 1939
68.7 1973  37.3 1964  48.2 1996  39.1 1995  40.4 1998  37.7 1915  47.9 1990  51.1 1972  53.5 1921  61.8 1914  64.9 1925  70.4 2001
68.5 1940  35.4 1975  45.6 1943  38.9 1921  40.4 1970  37.5 1976  44.9 1999  44.9 1981  47.3 1939  61.0 1973  64.5 1955  67.5 1975
67.1 1950  34.5 1985  45.3 1956  36.7 2011  39.0 2010  36.2 1988  43.3 1976  44.5 1913  46.9 1933  58.5 1969  64.2 1988  67.2 1971
64.4 1966  34.1 1963  43.4 1935  36.1 1912  37.9 1978  35.7 1923  43.3 1911  44.1 1959  46.8 1929  58.4 1985  59.5 1989  65.9 1996
63.8 1935  33.8 1917  42.9 1918  34.6 1976  37.8 1936  35.5 1932  41.0 1989  42.1 1991  43.9 1996  53.6 1962  58.5 1956  65.5 1927
60.1 2006  32.6 1993  42.5 1961  29.7 1982  34.8 1959  34.5 1975  39.5 1935  38.6 1940  40.9 2002  52.7 1975  56.9 1934  64.3 1943
59.2 1911  25.3 1959  41.6 1973  29.4 1954  34.4 1990  31.4 1941  38.5 1982  37.3 1983  36.3 1971  52.4 1978  55.6 1933  61.6 1970
50.6 1953  24.1 1965  37.3 1924  27.6 1984  33.7 1935  31.1 1942  37.8 1977  31.6 1955  35.4 1972  47.5 1972  55.3 1958  61.5 1917
48.5 1929  24.1 1921  37.0 2012  27.6 1957  33.2 1939  29.0 1995  37.5 1983  27.1 2003  35.2 1986  46.9 1922  50.4 1983  52.5 1926
44.3 1987  23.7 1930  34.0 1953  27.0 2007  31.0 1989  27.8 1949  35.8 1984  23.7 1976  33.3 1941  41.1 1951  47.1 1937  47.5 2010
43.5 1964  21.5 1934  28.3 1944  17.8 1980  29.8 1919  27.8 1940  33.7 1913  17.8 1995  27.0 1910  40.0 1947  44.9 1942  38.7 1963
32.2 1963  17.0 1986  28.1 1931  14.4 1974  27.8 1980  17.7 1921  30.6 1955  10.3 1947  23.8 1959  31.6 1946  22.1 1945  32.4 1933
29.0 1997   8.8 1932  17.0 1929  14.1 1938  22.0 1991  14.2 1925                                          
